0 0
1 0
2 0
3 0
4 0
5 0
6 0
7 0
8 0
9 0
10 0
11 0
12 0
13 0
14 0
15 0
16 0
17 0
18 0
19 0
20 0
21 0
22 0
23 0
24 0
25 0
26 0
27 0
27 1
27 2
27 3
27 4
27 5
26 5
25 5
25 6
25 6
25 6
26 6
27 6
27 7
27 8
27 9
27 10
27 11
26 11
25 11
24 11
23 11
22 11
22 12
22 13
22 14
22 15
23 15
24 15
25 15
26 15
27 15
27 17
26 17
25 17
24 17
23 17
22 17
22 18
22 19
22 20
22 21
23 21
24 21
25 21
26 21
27 21
27 22
27 23
27 24
27 25
27 26
27 27
27 28
27 29
27 30
26 30
25 30
24 30
23 30
22 30
21 30
20 30
19 30
18 30
17 30
16 30
15 30
14 30
14 29
14 28
14 27
14 26
13 26
13 27
13 28
13 29
13 30
12 30
11 30
10 30
9 30
8 30
7 30
6 30
5 30
4 30
3 30
2 30
1 30
0 30
0 29
0 28
0 27
0 26
0 25
0 24
0 23
0 22
0 21
0 22
0 21
1 21
2 21
3 21
4 21
5 21
5 20
5 19
5 18
5 17
4 17
3 17
2 17
1 17
0 17
0 15
1 15
2 15
3 15
4 15
5 15
5 14
5 13
5 12
5 11
4 11
3 11
2 11
1 11
0 11
0 10
0 9
0 8
0 7
0 6
1 6
2 6
2 5
1 5
0 5
0 4
0 3
0 2
0 1
0 0
1 0
2 3
3 3
4 3
5 3
6 3
7 3
7 4
7 5
7 6
8 6
8 5
8 4
8 3
9 3
10 3
11 3
11 2
10 2
9 2
8 2
7 2
6 2
5 2
4 2
3 2
2 2
2 3
13 2
13 3
13 4
13 5
12 5
11 5
10 5
10 6
11 6
12 6
13 6
14 6
15 6
16 6
17 6
17 5
16 5
15 5
14 5
14 4
14 3
14 2
13 2
16 2
17 2
18 2
19 2
20 2
21 2
22 2
23 2
24 2
25 2
25 3
24 3
23 3
22 3
21 3
20 3
20 4
20 5
20 6
19 6
19 5
19 4
19 3
18 3
17 3
16 3
16 2
17 2
23 5
23 6
23 7
23 8
24 8
25 8
25 9
24 9
23 9
22 9
22 8
22 7
22 6
22 5
23 5
20 8
19 8
18 8
17 8
16 8
16 9
17 9
18 9
19 9
20 9
20 8
11 8
10 8
9 8
8 8
7 8
7 9
8 9
9 9
10 9
11 9
11 8
10 8
9 8
5 8
5 7
5 6
5 5
4 5
4 6
4 7
4 8
3 8
2 8
2 9
3 9
4 9
5 9
5 8
5 7
5 6
5 5
5 5
4 5
14 8
14 9
14 10
14 11
15 11
16 11
17 11
17 12
16 12
15 12
14 12
13 12
12 12
11 12
10 12
10 11
11 11
12 11
13 11
13 10
13 11
13 10
13 9
13 8
14 8
14 9
14 10
19 11
20 11
20 12
20 13
20 14
20 15
19 15
19 14
19 13
19 12
19 11
8 11
8 12
8 13
8 14
8 15
7 15
7 14
7 13
7 12
7 11
8 11
8 12
8 13
8 14
10 14
11 14
12 14
13 14
14 14
15 14
16 14
17 14
17 15
17 16
17 17
17 18
16 18
15 18
14 18
13 18
12 18
11 18
10 18
10 17
10 16
10 15
10 14
20 17
20 18
20 19
20 20
20 21
20 22
20 23
20 24
19 24
19 23
19 22
19 21
18 21
17 21
16 21
16 20
17 20
18 20
19 20
19 19
19 18
19 17
20 17
22 23
23 23
24 23
25 23
25 24
24 24
23 24
22 24
22 23
23 23
17 23
17 24
16 24
15 24
14 24
13 24
12 24
11 24
10 24
10 23
11 23
12 23
13 23
13 22
13 21
13 20
14 20
14 21
14 22
14 23
15 23
16 23
17 23
17 23
17 24
8 24
8 23
8 22
8 21
9 21
10 21
11 21
11 20
10 20
9 20
8 20
8 19
8 18
8 17
7 17
7 18
7 19
7 20
7 21
7 22
7 23
7 24
8 24
8 23
8 22
8 21
5 23
5 24
4 24
3 24
2 24
2 23
3 23
4 23
5 23
5 24
5 26
5 27
5 28
4 28
3 28
2 28
2 27
2 26
3 26
4 26
5 26
5 27
7 28
8 28
9 28
10 28
11 28
11 27
11 26
10 26
9 26
8 26
7 26
7 27
7 28
16 28
17 28
18 28
19 28
20 28
20 27
20 26
19 26
18 26
17 26
16 26
16 27
16 28
22 28
23 28
24 28
25 28
25 27
25 26
24 26
23 26
22 26
22 27
22 28