1 1
2 1
3 1
4 1
5 1
6 1 
7 1
8 1
9 1
10 1
11 1
12 1
13 1
14 1
15 1
16 1
17 1
18 1
19 1
20 1
21 1
22 1
23 1
24 1
25 1
26 1
1 2
1 3
1 4
2 4
3 4
3 5
3 6
3 7
2 7
1 7
1 8
1 9
1 10
2 10
3 10
4 10
5 10
4 4
5 4
6 4
6 5
6 6
6 7
6 8
6 9
6 10
6 11
6 12
6 13
6 14
6 15
6 16
6 17
6 18
6 19
6 20
6 21
6 22
6 23
6 24
6 25
6 26
6 27
6 28
6 29
5 16
4 16
3 16
2 16
1 16
0 16
5 22
4 22
3 22
2 22
1 22
1 23
1 24
1 25 
1 26
1 27
1 28 
1 29
2 25
3 25
4 25
5 25
2 29
3 29
4 29
5 29
7 29
8 29
9 29
10 29
11 29
12 29
12 28
12 27
12 26
12 25
7 25
8 25
9 25
10 25
11 25
9 22
9 23
9 24
10 22
11 22
12 22
12 21
12 20
12 19
11 19
10 19
9 19
9 18
9 17
9 16
9 15
9 14
9 13
9 12
9 11
9 10
7 10
8 10
7 16
8 16
10 10
11 10
12 10
12 9
12 8
7 7
8 7
9 7
10 7
11 7
12 7
15 7
16 7
17 7
18 7
19 7
20 7
21 7
9 6
9 5
9 4
10 4
11 4
12 4
12 3
12 2
15 2
15 3
15 4
16 4
17 4 
18 4
18 5
18 6
21 4
21 5
21 6
21 8
21 9
21 10
21 11
21 12
21 13
21 14
21 15
21 16
21 17 
21 18
21 19
21 20
21 21
21 22
21 23
21 24
21 25
21 26
21 27
21 28
21 29
15 10
16 10
17 10
18 10
19 10
20 10
22 10
23 10
24 10
25 10
26 10
15 8
15 9
22 4
23 4
24 4
25 4
26 4
26 3
26 2
24 5
24 6
24 7
25 7
26 7
26 8
26 9
18 11
18 12
10 13
11 13
12 13
13 13
14 13
15 13
16 13
17 13
18 13
18 14
18 15
18 16
19 16
20 16
22 16
23 16
24 16
25 16
26 16
27 16
18 17
18 18
18 19
15 20
15 21
15 22
16 22
17 22
18 22
18 23
18 24
13 25
14 25
15 25
16 25
17 25
18 25
19 25
20 25
22 25
23 25
24 25
25 25
26 25
22 22
23 22 
24 22
25 22
26 22
15 26
15 27 
15 28
15 29
16 29
17 29
18 29
19 29
20 29
22 29
23 29
24 29
25 29
26 29
26 23
26 24
26 26
26 27
26 28
15 19
16 19
17 19